001.jpg
6
643 229 16 30
657 231 18 32
676 231 16 28
693 231 16 28
708 225 25 38
730 225 20 34
002.jpg
6
120 530 27 63
150 522 36 73
188 532 28 64
218 524 30 73
250 534 27 64
281 535 27 64
004.jpg
7
517 422 52 73
552 409 59 87
595 421 54 76
637 423 68 74
692 424 55 74
730 410 59 91
775 424 58 79
020.jpg
6
515 240 15 28
530 235 17 35
547 241 17 27
562 236 18 32
581 243 21 26
600 236 19 34
1634009489784-a0462b9beccf4c4a96fb4ef6b606104e-1200x816.jpg
7
462 367 27 54
493 357 28 64
524 366 28 55
551 368 39 54
592 368 28 55
621 352 30 71
653 369 28 54
